1.9406282312699163 0.1793539787925693 0.013530572915850829 0.0006696830822102378 2.723792296521286e-6 0.75 0.15 0.75 hed8 hed8
2.0719993420772314 0.210287263584505 0.012422758385027587 0.0006150433955177219 2.978999872139127e-6 0.75 0.15 0.75 hed8 mwd
2.0079815383244024 0.19880397916255493 0.012743979749481367 0.0006848751686596308 2.9924059913182834e-6 0.75 0.15 0.75 hed8 N100
1.6615350686835024 0.1894357514787307 0.00993470521072351 0.0003485364601742238 2.919172924959267e-6 0.75 0.15 0.75 hed8 w7dt
1.9076715687686538 0.17860678184833634 0.013342762268435551 0.0007449870467690344 2.7315555705172777e-6 0.75 0.15 2. hed8 hed8
2.0887159088484477 0.20797802174293933 0.013213034335293921 0.0006094925221073572 2.955184126284189e-6 0.75 0.15 2. hed8 mwd
1.9746552903956258 0.19722921853436648 0.012570123020472742 0.00044865466658212326 2.998815019267071e-6 0.75 0.15 2. hed8 N100
1.690648563337894 0.18410060238549156 0.011478569006657096 0.0004455443150835917 2.8659079164720496e-6 0.75 0.15 2. hed8 w7dt
2.0977321459731453 0.17850112904225 0.012717183204014425 0.0005150790521285933 5.47161980651764e-6 0.75 0.3 0.75 hed8 hed8
2.4521964172175963 0.21067579252742796 0.014261801508780116 0.0005515732932239931 5.821993023770975e-6 0.75 0.3 0.75 hed8 mwd
2.25426600462225 0.19765227545358463 0.013327416925803042 0.0006284564075953253 5.9260121134732025e-6 0.75 0.3 0.75 hed8 N100
1.9222533375621058 0.18144204906042388 0.012420614339148246 0.0005819298372578014 5.6592194008307835e-6 0.75 0.3 0.75 hed8 w7dt
2.078323963462138 0.17655319242822595 0.012890787532571458 0.0005695351104263501 5.466613042888613e-6 0.75 0.3 2. hed8 hed8
2.370710009716673 0.21054906090663297 0.0134949918692153 0.0005804959420811516 5.876228307866113e-6 0.75 0.3 2. hed8 mwd
2.206230020838092 0.1969340106878176 0.012978375940694734 0.0006191990388301023 5.953583260152765e-6 0.75 0.3 2. hed8 N100
1.904767718298179 0.17959241891359962 0.012696433032030588 0.0005405855870591759 5.6463164119432804e-6 0.75 0.3 2. hed8 w7dt
2.0327617071354576 0.1858015642373074 0.012650355818612935 0.0008036651071748517 2.749495097507885e-6 1. 0.15 0.75 hed8 hed8
2.3234686195573553 0.215314576658222 0.014294621995217348 0.0006535524041773466 2.92404160979201e-6 1. 0.15 0.75 hed8 mwd
2.1370343165464516 0.2060571181691186 0.012402264966344542 0.0004477254528735404 3.009750411455641e-6 1. 0.15 0.75 hed8 N100
1.8981389621703846 0.19004724281739308 0.012720386027228133 0.0006858924564498675 2.838373262232998e-6 1. 0.15 0.75 hed8 w7dt
2.034895949545627 0.18367710603150544 0.013152384693196633 0.0006139831306981018 2.7364708080619223e-6 1. 0.15 2. hed8 hed8
2.266841918233915 0.214791206530838 0.013758272712705098 0.0005381321137687018 2.9430483880998434e-6 1. 0.15 2. hed8 mwd
2.1310551337671666 0.20448182762718295 0.01270953401915238 0.0004793241557439809 3.0003573306793358e-6 1. 0.15 2. hed8 N100
1.8283787182690208 0.19059330542660766 0.011685099843194154 0.0003536675947517427 2.872370537005192e-6 1. 0.15 2. hed8 w7dt
2.2258911252710485 0.1808992408643781 0.01308375676736017 0.000635485726420513 5.43850414509086e-6 1. 0.3 0.75 hed8 hed8
2.546634982001395 0.2168739860714783 0.013808565700975863 0.0006783697022019849 5.844272439304397e-6 1. 0.3 0.75 hed8 mwd
2.3803015064607775 0.20348951561275397 0.013284179930746045 0.0006269783071264371 5.928615584043552e-6 1. 0.3 0.75 hed8 N100
2.0926826668451333 0.18574635153174468 0.01352600979134919 0.0005757806790352238 5.609222075422484e-6 1. 0.3 0.75 hed8 w7dt
2.156675833639341 0.18152035818360482 0.012311302667237104 0.0004967826716956935 5.493207209201035e-6 1. 0.3 2. hed8 hed8
2.5074753666498553 0.216338450019628 0.0136039781326777 0.0005748666897023852 5.867509904427538e-6 1. 0.3 2. hed8 mwd
2.350442305111974 0.20236676463212283 0.013220819226576367 0.000588112369516117 5.93707226587449e-6 1. 0.3 2. hed8 N100
2.024611880911823 0.1860820359324482 0.012777422262766057 0.0005298568120771323 5.65916859266459e-6 1. 0.3 2. hed8 w7dt
2.2658563770364935 0.18835170767436243 0.013525494296089053 0.0006365927888808259 2.722521106217737e-6 1.4 0.15 0.75 hed8 hed8
2.4959377358265242 0.22313189430191077 0.013793768841620244 0.0007036155179089183 2.936451478478153e-6 1.4 0.15 0.75 hed8 mwd
2.3363067159972744 0.21356661867567028 0.01239997385394895 0.0004863020037129318 3.009460833979813e-6 1.4 0.15 0.75 hed8 N100
2.1162833312489338 0.19583597920479331 0.013436024132996252 0.0006210175383618327 2.824710085587207e-6 1.4 0.15 0.75 hed8 w7dt
2.2192446145584617 0.1879534130589188 0.013133984350781355 0.00048135094573745506 2.735755214387069e-6 1.4 0.15 2. hed8 hed8
2.427425854526976 0.22304783359042016 0.013088322481846128 0.0005599411308548268 2.9641191462610766e-6 1.4 0.15 2. hed8 mwd
2.3635718147653906 0.2113952491472933 0.01315387623872177 0.0005847116835290355 2.9846615859688633e-6 1.4 0.15 2. hed8 N100
2.0454680668755336 0.19606930869764697 0.012554650159800626 0.000579109301311235 2.8535847417652995e-6 1.4 0.15 2. hed8 w7dt
2.3587492969053194 0.1857232000977028 0.012616846634758965 0.00048564304919246267 5.460461861027561e-6 1.4 0.3 0.75 hed8 hed8
2.7012796554699507 0.22370086916318502 0.013464452588819691 0.00048452879344571133 5.856096292990984e-6 1.4 0.3 0.75 hed8 mwd
2.53191547194438 0.2107715921740415 0.012824910187353192 0.0004630526616484579 5.948330017141926e-6 1.4 0.3 0.75 hed8 N100
2.2343848716974564 0.19278273774468796 0.013106927727212043 0.0006409037947910857 5.640630720067652e-6 1.4 0.3 0.75 hed8 w7dt
2.3899472703084768 0.18246484225349197 0.013472204199143623 0.0005568999824360246 5.412300106080189e-6 1.4 0.3 2. hed8 hed8
2.6649835252801566 0.22355052703990538 0.013295271629088619 0.0005490344319348192 5.877913275172062e-6 1.4 0.3 2. hed8 mwd
2.5324875806541285 0.2091583020519714 0.013163242933108879 0.0005006769443590908 5.9304626781232955e-6 1.4 0.3 2. hed8 N100
2.2193671576956513 0.19188941652753713 0.013324715831068567 0.0005367317000460236 5.631200983491099e-6 1.4 0.3 2. hed8 w7dt
2.646482438063709 0.17166158436797158 0.013157774362551626 0.0005778627037038057 0.000010664583547417985 1.4 0.6 0.75 hed8 hed8
3.02180741136063 0.22056150414243503 0.013056288512891373 0.00045047028487354567 0.000011582329614623509 1.4 0.6 0.75 hed8 mwd
2.802307468128142 0.2030353290542951 0.012738717615690696 0.0004110245807410967 0.000011728266716792905 1.4 0.6 0.75 hed8 N100
2.4056298866997956 0.18315074146124144 0.01253659784011749 0.0004701929628333385 0.000011183873425038056 1.4 0.6 0.75 hed8 w7dt
2.592234091412947 0.17152451664870866 0.012847706741934186 0.0005267613463514378 0.000010715362192449555 1.4 0.6 2. hed8 hed8
3.009499574483318 0.21981242473179127 0.013239178990471834 0.0004905292185299352 0.000011576600573337137 1.4 0.6 2. hed8 mwd
2.7921709616476975 0.20194737567442808 0.012956711131271944 0.0004324256853774159 0.000011713021325170226 1.4 0.6 2. hed8 N100
2.399111582375584 0.18116767160228645 0.012919470049148275 0.0004961443156965507 0.000011145139445746053 1.4 0.6 2. hed8 w7dt
2.514495995074319 0.162446236460471 0.012465920285984722 0.0005377796908418037 0.000013338599160062537 1.4 0.75 0.75 hed8 hed8
3.158031325765275 0.2193121047079164 0.013504055040801767 0.00040202937161441164 0.000014322587433688638 1.4 0.75 0.75 hed8 mwd
2.762959468343996 0.198969232798281 0.012371573364968195 0.0004381716327576681 0.000014660759027346552 1.4 0.75 0.75 hed8 N100
2.3782199054326907 0.18154452455711503 0.011672445047635467 0.0005056241187875198 0.000014025900470085963 1.4 0.75 0.75 hed8 w7dt
2.4747246829908702 0.1623683198228038 0.012284059171226177 0.0004689743151496761 0.000013389549322516267 1.4 0.75 2. hed8 hed8
3.0710356785864525 0.21988169033127972 0.012917520600070969 0.00040088197807140665 0.000014464796190712892 1.4 0.75 2. hed8 mwd
2.766382313425662 0.19698577586792065 0.012763820356368544 0.0004215365130616641 0.000014598374420566976 1.4 0.75 2. hed8 N100
2.377727367084345 0.17932424896907842 0.012184224563179198 0.0005293855661244081 0.000013952111740965103 1.4 0.75 2. hed8 w7dt
2.3909415616192122 0.19208926947839516 0.012966934709331999 0.0005225581688376885 2.7294773731104466e-6 1.8 0.15 0.75 hed8 hed8
2.592422880989814 0.22981662272061326 0.012711276064505277 0.000480024047249811 2.9678213859926084e-6 1.8 0.15 0.75 hed8 mwd
2.571580774595136 0.21731056391299097 0.013279046709591746 0.00048376898482706433 2.9710666201135116e-6 1.8 0.15 0.75 hed8 N100
2.27405293121198 0.20032713920278444 0.013451643601030279 0.0006270878308896752 2.8228371005261534e-6 1.8 0.15 0.75 hed8 w7dt
2.351962170838818 0.19151805177832054 0.01269546143449599 0.0005659387548912863 2.7403662794393e-6 1.8 0.15 2. hed8 hed8
2.622107706843628 0.2287398845741901 0.013354859735564608 0.0005463381159973661 2.949233417795258e-6 1.8 0.15 2. hed8 mwd
2.547411053246683 0.2166098399902613 0.013216265729508531 0.0004551539832350563 2.9765510539447465e-6 1.8 0.15 2. hed8 N100
2.2790124509535086 0.19846847623816827 0.013945815062398953 0.0007815889236471643 2.809923172393346e-6 1.8 0.15 2. hed8 w7dt
2.5531515606671356 0.18510618311255236 0.013390032978412791 0.0005984912164998876 5.382707743813832e-6 1.8 0.3 0.75 hed8 hed8
2.918058097962479 0.2280983688143875 0.014115569567946273 0.0005884020673028065 5.7910854879995276e-6 1.8 0.3 0.75 hed8 mwd
2.6990153361552434 0.2151350189966022 0.012905583276037764 0.0004943596694693823 5.924502514227683e-6 1.8 0.3 0.75 hed8 N100
2.3766758151896514 0.19729403574699944 0.013103860485319283 0.0005917551051454191 5.635075077135864e-6 1.8 0.3 0.75 hed8 w7dt
2.484734809780697 0.1861491623043347 0.012751674577800343 0.0004171009022778465 5.432273680466155e-6 1.8 0.3 2. hed8 hed8
2.844192661328605 0.2283400165400478 0.013519077045177706 0.0005118495198244051 5.842461779847934e-6 1.8 0.3 2. hed8 mwd
2.6782016640250386 0.21456768396398232 0.01291757389742042 0.0004942265549965397 5.930434771722658e-6 1.8 0.3 2. hed8 N100
2.355567816900079 0.19624305597413919 0.01317532941931211 0.000511828585234494 5.638042034351229e-6 1.8 0.3 2. hed8 w7dt
2.6569827323285704 0.17804273309975283 0.011898989729633982 0.0004895945095041115 0.00001079162708677272 1.8 0.6 0.75 hed8 hed8
3.142753503348608 0.22558340704785196 0.012904100113443086 0.00045168323274130917 0.000011558898621467045 1.8 0.6 0.75 hed8 mwd
2.95687545387455 0.2073026225003439 0.012976666758605843 0.0004820011176860525 0.00001165088807410088 1.8 0.6 0.75 hed8 N100
2.517272006695838 0.18893933054843112 0.012383896791833047 0.0004615536267920608 0.000011212246103133492 1.8 0.6 0.75 hed8 w7dt
2.6866976754985847 0.17487536365595535 0.012621563379802468 0.0005256777794507986 0.000010699801984709603 1.8 0.6 2. hed8 hed8
3.188712478749549 0.22365460972999834 0.013625963756832893 0.0005261605074917843 0.000011471671324355204 1.8 0.6 2. hed8 mwd
2.9123076471295573 0.20717255559894196 0.012780034613944067 0.0003902460783944208 0.000011700972143644428 1.8 0.6 2. hed8 N100
2.5171081531462045 0.18689994441039726 0.012811361471526466 0.00046537966507167745 0.000011168526716875001 1.8 0.6 2. hed8 w7dt
2.8056881041408697 0.16945458073178762 0.012520656868323788 0.00040393592159333204 0.000013254081776774187 1.8 0.75 0.75 hed8 hed8
3.2714612697531646 0.22293295079969336 0.012804811402387008 0.00043370970977486616 0.00001434231614110842 1.8 0.75 0.75 hed8 mwd
3.058146760781513 0.20319808086319857 0.012830206941636025 0.0004919607938342512 0.00001447526867367137 1.8 0.75 0.75 hed8 N100
2.6402211488903222 0.18054887839546263 0.01300545383712881 0.0005256453558735562 0.00001377635302535249 1.8 0.75 0.75 hed8 w7dt
2.768250972332432 0.1688188952296292 0.012424598803664633 0.00043754727594372646 0.00001329057893978271 1.8 0.75 2. hed8 hed8
3.2494970679786004 0.22237856561393954 0.012867028553925096 0.0003965197492548363 0.000014365622135082126 1.8 0.75 2. hed8 mwd
3.0468806422475425 0.2021934863965305 0.012995169099748717 0.000469262119712835 0.00001446530987832538 1.8 0.75 2. hed8 N100
2.5879352693162194 0.18099431713833386 0.012714639688037679 0.0005329060487040285 0.000013857427451729208 1.8 0.75 2. hed8 w7dt
2.4749949984956556 0.1918112833500493 0.013164514820447662 0.0006225423886245961 2.7161029138043344e-6 2. 0.15 0.75 hed8 hed8
2.756774215131051 0.2308115503104956 0.013817556393956465 0.00057961508850579 2.9234503463834045e-6 2. 0.15 0.75 hed8 mwd
2.6166440852111066 0.21993548750298766 0.012769853557007351 0.0005006328490697513 2.9852712880775624e-6 2. 0.15 0.75 hed8 N100
2.364811954859552 0.2012514097808682 0.013763580587401928 0.0005852268988266765 2.8097784339186426e-6 2. 0.15 0.75 hed8 w7dt
2.4417826258030177 0.19145011634684583 0.012983545499907767 0.0005855399314983259 2.725170332466721e-6 2. 0.15 2. hed8 hed8
2.734642570234917 0.23050372692180873 0.013750863075458242 0.0006011483862437672 2.930991409942886e-6 2. 0.15 2. hed8 mwd
2.6202274154463483 0.21878796929295183 0.013098258421669992 0.00043734480016438244 2.9762678650648188e-6 2. 0.15 2. hed8 N100
2.382591425585891 0.1994655274671069 0.01440644977808957 0.0006788334882284148 2.794528568150529e-6 2. 0.15 2. hed8 w7dt
2.5893102700155075 0.18698747495636966 0.012960689493878786 0.0005214395261312931 5.401346898699884e-6 2. 0.3 0.75 hed8 hed8
2.9385056655708444 0.2309529754063307 0.013506444447604057 0.0005454887939621954 5.825640097042617e-6 2. 0.3 0.75 hed8 mwd
2.7870980205638873 0.21674584395781785 0.013046094820100976 0.0004925620659227652 5.9032967094574695e-6 2. 0.3 0.75 hed8 N100
2.494487579489084 0.19706449801483264 0.013879842039572085 0.0006838164558844863 5.5807777504663196e-6 2. 0.3 0.75 hed8 w7dt
2.614714506845101 0.18360667185043342 0.013638531362437449 0.0006301408065345198 5.362206822452652e-6 2. 0.3 2. hed8 hed8
2.9514868864008146 0.23008826157468848 0.013898190829360897 0.0005378031310896895 5.806164688749687e-6 2. 0.3 2. hed8 mwd
2.7840538675349134 0.2157375474126693 0.013298597466244334 0.000489888624814419 5.893260166455438e-6 2. 0.3 2. hed8 N100
2.4419858691056344 0.1970046082654663 0.013501667386543372 0.0005560436529895484 5.612042830285223e-6 2. 0.3 2. hed8 w7dt
2.781098873068855 0.17531912843050484 0.012768942847818085 0.0005016805341236862 0.000010638229859149617 2. 0.6 0.75 hed8 hed8
3.23046952032447 0.22716863273844023 0.013095867781841169 0.0004695811514489949 0.000011509565238396532 2. 0.6 0.75 hed8 mwd
2.9842322033761315 0.21014366202291834 0.012561664800076226 0.00044025809012553747 0.00001169416652678416 2. 0.6 0.75 hed8 N100
2.607141750163412 0.18917995257369616 0.012844145225788289 0.00045019085890840924 0.000011137712681757042 2. 0.6 0.75 hed8 w7dt
2.7618511501871224 0.17382698539392022 0.012887716112075773 0.0004224708175111025 0.000010634248119660684 2. 0.6 2. hed8 hed8
3.227214824874242 0.22616028514373784 0.013331070941113164 0.0004554039541162922 0.000011497137959049158 2. 0.6 2. hed8 mwd
2.9487694494877106 0.21031932047271237 0.012455422727397672 0.0004300737997950857 0.000011728278956175085 2. 0.6 2. hed8 N100
2.5981589346234237 0.188247364637337 0.013098827987086139 0.00045894804456887196 0.000011120357147959715 2. 0.6 2. hed8 w7dt
2.827678355386725 0.17116179344445803 0.012246694388903384 0.0005417282670740783 0.000013278954887253994 2. 0.75 0.75 hed8 hed8
3.335731527177778 0.2247130446565261 0.012836508065828645 0.0003849341039172323 0.000014310468298544088 2. 0.75 0.75 hed8 mwd
3.125136007049757 0.205145582617468 0.012917332631979455 0.0004973709392371277 0.00001443190148020742 2. 0.75 0.75 hed8 N100
2.6853991481373187 0.18341919347575839 0.012866852925976231 0.0004592562823823127 0.000013803295617939675 2. 0.75 0.75 hed8 w7dt
2.8159862238245466 0.169562723904795 0.01245467227804832 0.0004577016051605691 0.000013253805530116199 2. 0.75 2. hed8 hed8
3.3116665785778734 0.22453818003721687 0.01285520723965124 0.0004169126579608326 0.000014339004453676182 2. 0.75 2. hed8 mwd
3.0499194540529886 0.20552158325345632 0.012444595732231774 0.0004257363736466549 0.000014545991814468088 2. 0.75 2. hed8 N100
2.6429169188532984 0.18368759503573792 0.012689477915906763 0.0005194965606430645 0.00001386215984323785 2. 0.75 2. hed8 w7dt
1.9251549917152144 0.17980583429296312 0.011908929096213664 0.0004488967461841525 2.8999616832619587e-6 0.75 0.15 0.75 mwd hed8
2.2851303227661863 0.21307939852671512 0.01334876786162616 0.0006521129827196775 2.9026387126185977e-6 0.75 0.15 0.75 mwd mwd
2.1327082831915907 0.20203478941517156 0.012834191156587344 0.0004983692883093196 2.9638640996639883e-6 0.75 0.15 0.75 mwd N100
1.880671204294507 0.187966275029237 0.012887731060658093 0.0006037899156156072 2.9017779536649262e-6 0.75 0.15 0.75 mwd w7dt
1.9390540351703225 0.1761011525594831 0.012760375644759599 0.0006694337681019119 2.875678781266156e-6 0.75 0.15 2. mwd hed8
2.2695624189242944 0.21221287054123633 0.01347104078514989 0.0004930455627748509 2.9021784771724535e-6 0.75 0.15 2. mwd mwd
2.1336784348237723 0.19986840933742417 0.013335364543247496 0.0005145584424460797 2.9493857416385243e-6 0.75 0.15 2. mwd N100
1.8202715382513328 0.18722064805210684 0.012184668412713743 0.0005472631732816942 2.924401033428326e-6 0.75 0.15 2. mwd w7dt
2.1787237267331117 0.1699588809317484 0.013244141138067092 0.0005968314025852389 5.666042797325363e-6 0.75 0.3 0.75 mwd hed8
2.5250597224040683 0.21517936472930405 0.012578882679199833 0.0005774950687676126 5.8186890046352385e-6 0.75 0.3 0.75 mwd mwd
2.3900923847753033 0.1977029819053158 0.01338762795069805 0.000574336113101362 5.848250562584775e-6 0.75 0.3 0.75 mwd N100
2.056969973936702 0.18279966037288534 0.012940239411944646 0.0004921225057423962 5.762261268239781e-6 0.75 0.3 0.75 mwd w7dt
2.136659971043554 0.168895136171669 0.013021193201913294 0.0006012457672339756 5.687864967788219e-6 0.75 0.3 2. mwd hed8
2.5519017839889155 0.21279373012930902 0.013389389250057844 0.0006277994354406142 5.766506810099316e-6 0.75 0.3 2. mwd mwd
2.3777572852095425 0.1961625141264645 0.013651168856833007 0.0005639391716843205 5.837917061860334e-6 0.75 0.3 2. mwd N100
1.9844020869184 0.18317390485813626 0.012137980693301749 0.0004598729238926965 5.8233909578812575e-6 0.75 0.3 2. mwd w7dt
2.1416938676577604 0.18095425555536288 0.013436062144023026 0.0005739766749810418 2.8520532733958282e-6 1. 0.15 0.75 mwd hed8
2.4334478664644204 0.2198122586015695 0.013243306860372 0.0005866385500357345 2.9057630714174684e-6 1. 0.15 0.75 mwd mwd
2.3190365322099495 0.20760721663719836 0.01330592862379909 0.0005474832899088794 2.949692587824352e-6 1. 0.15 0.75 mwd N100
2.0499542164509164 0.19430917614079937 0.013400191076653644 0.0005071076403135788 2.893951532971501e-6 1. 0.15 0.75 mwd w7dt
2.100140735118468 0.18037852317864256 0.0131397312802259 0.0005215294505939823 2.8637867587603942e-6 1. 0.15 2. mwd hed8
2.4478298962078084 0.2183692042996085 0.013791433863696008 0.0005898413696101625 2.891564679003508e-6 1. 0.15 2. mwd mwd
2.32200887236435 0.2059075617119219 0.01374944083579918 0.0005344700173281246 2.937616515917825e-6 1. 0.15 2. mwd N100
1.9814758811105715 0.19381278585900652 0.012597392779045976 0.0004383896856665298 2.9206306344565728e-6 1. 0.15 2. mwd w7dt
2.222014192321217 0.17733564941838056 0.01200021132569236 0.0004024544860667078 5.7438719701123224e-6 1. 0.3 0.75 mwd hed8
2.76064537062019 0.21807286691524747 0.013924783953793311 0.0005836393381995372 5.713745499665951e-6 1. 0.3 0.75 mwd mwd
2.5260866233769876 0.20411386865379913 0.013366828035492002 0.00046859325476595476 5.842923664797392e-6 1. 0.3 0.75 mwd N100
2.1564396643389254 0.19112866635092296 0.012487650213322632 0.0004689856465930748 5.808068181200014e-6 1. 0.3 0.75 mwd w7dt
2.231683893182283 0.17393278271104265 0.012635015029860046 0.0004370164589839508 5.704952314921904e-6 1. 0.3 2. mwd hed8
2.744113270669771 0.21729870934259032 0.014069901673706812 0.0005949921254588784 5.713300485670888e-6 1. 0.3 2. mwd mwd
2.4619558788213234 0.20390447027175707 0.012836323304570605 0.00045704448800752164 5.888638114954563e-6 1. 0.3 2. mwd N100
2.138640849345398 0.18910481357235767 0.012701866589777035 0.0005362163029421649 5.8011331865469446e-6 1. 0.3 2. mwd w7dt
2.306898632919476 0.1864015646825107 0.012921594213481963 0.0005464190645358132 2.862062630005202e-6 1.4 0.15 0.75 mwd hed8
2.6727194805202847 0.22664519775683722 0.01355720397545804 0.0005242647786702181 2.8874498961542293e-6 1.4 0.15 0.75 mwd mwd
2.5217678883006465 0.21563331578932565 0.013036823813396402 0.0004655679767195862 2.9532352817039563e-6 1.4 0.15 0.75 mwd N100
2.2446257166984713 0.20184960940516747 0.013348862676095252 0.0006340601668317587 2.899090561617009e-6 1.4 0.15 0.75 mwd w7dt
2.3159614475826453 0.18402966559247144 0.013445532789920946 0.0006604239214116979 2.8472006316475002e-6 1.4 0.15 2. mwd hed8
2.6785859107256407 0.22583387830874901 0.013911884498249504 0.0005345307836664646 2.8796730510317196e-6 1.4 0.15 2. mwd mwd
2.4759915502478314 0.21520116877667736 0.012703496460348948 0.00046466525353642407 2.968492545672084e-6 1.4 0.15 2. mwd N100
2.202548698866393 0.20095133771466625 0.013058350765595222 0.0006675052700927188 2.9117290545990557e-6 1.4 0.15 2. mwd w7dt
2.4495252899447464 0.1783337722636333 0.0129792960182714 0.000558522681032951 5.65749068160272e-6 1.4 0.3 0.75 mwd hed8
2.965250038868028 0.2245968250512066 0.014022518106002843 0.0005102541860052531 5.683468282937955e-6 1.4 0.3 0.75 mwd mwd
2.746304531432426 0.21031032579684514 0.013628095207451977 0.0005355598975970047 5.807758974718046e-6 1.4 0.3 0.75 mwd N100
2.3245489556972405 0.19907232124785584 0.012373814050236796 0.00048629454499545747 5.823858556896385e-6 1.4 0.3 0.75 mwd w7dt
2.4048305527096403 0.17787625539067506 0.012701850206867388 0.00046275307418194124 5.6818637126101435e-6 1.4 0.3 2. mwd hed8
2.85918977953369 0.22547444683986317 0.01309448483842628 0.000471508692502118 5.759637757521773e-6 1.4 0.3 2. mwd mwd
2.7167940720239154 0.2096947047364785 0.013574853790894558 0.000508653032955786 5.821835017216375e-6 1.4 0.3 2. mwd N100
2.344703107514382 0.1960831082515959 0.013147679830748549 0.0005394418459219782 5.776379987810883e-6 1.4 0.3 2. mwd w7dt
2.6028125279130956 0.16561500103959248 0.011905716021380736 0.0003925695594252873 0.000011220507978189026 1.4 0.6 0.75 mwd hed8
3.2696080558969323 0.21904537026033327 0.013097618487697187 0.0005119052345112315 0.000011247883507868126 1.4 0.6 0.75 mwd mwd
3.025503395393256 0.19872592907567754 0.013380613821288216 0.0004972004961188929 0.000011408005135276375 1.4 0.6 0.75 mwd N100
2.5118711596645675 0.1855933292286862 0.012153693223669769 0.00047448861365063157 0.000011447664855146939 1.4 0.6 0.75 mwd w7dt
2.5888044059942796 0.1634475574775138 0.012121473932751037 0.0004658672121450415 0.000011198103028385038 1.4 0.6 2. mwd hed8
3.1770164772991136 0.22037502463808614 0.012494800102189658 0.00046269059821576 0.000011367827126736397 1.4 0.6 2. mwd mwd
2.955650806312626 0.19942398939915185 0.012984283914739398 0.0004884527223017092 0.000011485933005271138 1.4 0.6 2. mwd N100
2.4810973445419493 0.18510127462123233 0.012155055363975724 0.0005112117313533641 0.00001147516691822597 1.4 0.6 2. mwd w7dt
2.802688412075903 0.133991596773587 0.010936814945998964 0.00047393355979326595 0.000013533446544075907 1.4 0.75 0.75 mwd hed8
3.5313791913429995 0.21601334915031484 0.013097016208660646 0.00044626312835782027 0.000013881019487548019 1.4 0.75 0.75 mwd mwd
3.1730247383205663 0.1884152240211545 0.012616100775126324 0.0005198322309995552 0.000014128077057256095 1.4 0.75 0.75 mwd N100
2.578792171885518 0.17730432694929496 0.011600704306920355 0.0005201500122040685 0.000014191763183368932 1.4 0.75 0.75 mwd w7dt
2.7505807662094255 0.13499177238782278 0.010680699579154684 0.00046845439712072317 0.000013617360768564843 1.4 0.75 2. mwd hed8
3.5007099742374637 0.21548732953521965 0.013104105417396641 0.00044845050640135686 0.000013919913637724663 1.4 0.75 2. mwd mwd
3.1126921127748925 0.18896561642432733 0.012329827404836555 0.0005011687391838575 0.00001421932994592584 1.4 0.75 2. mwd N100
2.541217996107102 0.17695275398904944 0.011535675462900285 0.0004988520451980117 0.00001423688940918336 1.4 0.75 2. mwd w7dt
2.5182312873475845 0.18728000358302607 0.013569635142758137 0.0006272889762665361 2.828129106613756e-6 1.8 0.15 0.75 mwd hed8
2.8641846615226774 0.23155974059396522 0.01356880319371537 0.0004781450067326375 2.875336753170647e-6 1.8 0.15 0.75 mwd mwd
2.7546817362075537 0.21961558122321334 0.013568530122865758 0.000584843952851767 2.9235617427256677e-6 1.8 0.15 0.75 mwd N100
2.4426837983938183 0.20613151546321506 0.01375122169864652 0.000683104411062929 2.8822703700572156e-6 1.8 0.15 0.75 mwd w7dt
2.4590575580461214 0.18712911864904788 0.013065807267649276 0.0005108146359111656 2.8485025148678068e-6 1.8 0.15 2. mwd hed8
2.8145632551227537 0.23147107705563108 0.013215265184664858 0.0005233532260488398 2.8914570066663264e-6 1.8 0.15 2. mwd mwd
2.678660497224991 0.21976910645237413 0.012896377529441146 0.0004637360576200827 2.9511527304168987e-6 1.8 0.15 2. mwd N100
2.384624733436495 0.2055798180445562 0.013263434085570965 0.00046407665688790036 2.9008092032000114e-6 1.8 0.15 2. mwd w7dt
2.5731694112476187 0.18217650650464254 0.012564600443361554 0.00043399056481264786 5.664601911395556e-6 1.8 0.3 0.75 mwd hed8
3.072646661973216 0.2301954419818893 0.013303804939596113 0.0004348911002613193 5.708799014153155e-6 1.8 0.3 0.75 mwd mwd
2.90608540078509 0.21572009421601698 0.013390540785317701 0.0005158021601553809 5.802012579615908e-6 1.8 0.3 0.75 mwd N100
2.5016684412574497 0.20257447533948095 0.012740175084141802 0.0005450775960303848 5.788866859884212e-6 1.8 0.3 0.75 mwd w7dt
2.593937094957604 0.178863511691873 0.013216010627993774 0.00044391142905053264 5.622584535084295e-6 1.8 0.3 2. mwd hed8
3.0862233652095514 0.22928411735623627 0.013681349248503553 0.000493031810467429 5.6916879016437824e-6 1.8 0.3 2. mwd mwd
2.8812622774596837 0.21483989574046658 0.013388037705364684 0.0005517382587734712 5.81000090860853e-6 1.8 0.3 2. mwd N100
2.455697487363614 0.2025952023255278 0.012456263290599038 0.00043722146628954415 5.817652340669528e-6 1.8 0.3 2. mwd w7dt
2.743052549120679 0.1672514711097149 0.01224889678843732 0.00046479398939686405 0.000011125358765571614 1.8 0.6 0.75 mwd hed8
3.404886476678631 0.2237952323231068 0.012989326704691597 0.0004912274483982765 0.00001120939886453621 1.8 0.6 0.75 mwd mwd
3.1188861718890983 0.20616046989027437 0.01284045375946178 0.0004905322300440007 0.000011449744639573169 1.8 0.6 0.75 mwd N100
2.6899382556650364 0.19080433973203506 0.012708857274872518 0.0004922536403767111 0.000011376865242010481 1.8 0.6 0.75 mwd w7dt
2.7219576796790723 0.16593886615044046 0.012360256223665019 0.0005055243013011711 0.000011118189959523449 1.8 0.6 2. mwd hed8
3.3802359691900823 0.2234460839825899 0.01301269746467192 0.0004755069308496273 0.00001122984943914277 1.8 0.6 2. mwd mwd
3.098171660085019 0.20515434870139923 0.012920540684914392 0.0004629358834530417 0.00001145683931548168 1.8 0.6 2. mwd N100
2.6691108636843137 0.18935369913032832 0.012833433688271724 0.00047223291632547584 0.000011376906907793425 1.8 0.6 2. mwd w7dt
2.8140515409370668 0.1602900794272337 0.012027378099281963 0.00045804044133756973 0.000013791308574166763 1.8 0.75 0.75 mwd hed8
3.5436340895666354 0.22017938177195323 0.012855110032327874 0.0004131536095961733 0.000013883719626244744 1.8 0.75 0.75 mwd mwd
3.17896492640385 0.20198734304840876 0.01229114571248996 0.00047526869270492396 0.000014265416527724487 1.8 0.75 0.75 mwd N100
2.7266326083068098 0.18518559689794284 0.012199341478841389 0.0005017255978718053 0.000014164132403661758 1.8 0.75 0.75 mwd w7dt
2.7530026217284953 0.1608687673856602 0.011665985659560688 0.00045251249784434205 0.000013882815031224768 1.8 0.75 2. mwd hed8
3.46274582861141 0.22118874148344017 0.012426700311996818 0.000426496086698647 0.00001400218401485628 1.8 0.75 2. mwd mwd
3.1449500059837843 0.20155828251091285 0.012239361225064764 0.000469934627332521 0.000014307628294334762 1.8 0.75 2. mwd N100
2.720334200410056 0.182990568159092 0.012533937515838178 0.0005536813642661071 0.000014119860026558726 1.8 0.75 2. mwd w7dt
2.554937165327433 0.18902562753293842 0.01299821539902995 0.00046010027727399615 2.841507891219907e-6 2. 0.15 0.75 mwd hed8
2.965561621343847 0.23330863009673614 0.013705855227781831 0.00047475039130422065 2.8628371457671483e-6 2. 0.15 0.75 mwd mwd
2.8311383148863105 0.22151594951470593 0.01339953125197501 0.000512246758671325 2.922398006545394e-6 2. 0.15 0.75 mwd N100
2.47244413975588 0.20875917968972754 0.013072945413059305 0.0005448812641841214 2.8999911540751615e-6 2. 0.15 0.75 mwd w7dt
2.532856771371803 0.18773634558825036 0.01303177391231642 0.0005355071990879018 2.842733237087976e-6 2. 0.15 2. mwd hed8
2.8938923986986644 0.2338680100404194 0.013127741134904124 0.00043987449410457056 2.889189321101401e-6 2. 0.15 2. mwd mwd
2.811436700970388 0.22082398404971312 0.013442154275406546 0.0004300874979209391 2.9242296445117962e-6 2. 0.15 2. mwd N100
2.480487518322187 0.2071516114770734 0.013504725082469913 0.0004961965567936929 2.888976594777258e-6 2. 0.15 2. mwd w7dt
2.6537474017298193 0.18195881017379192 0.012724236086924414 0.0004886815182032178 5.640205068601492e-6 2. 0.3 0.75 mwd hed8
3.1886462625359058 0.2316344153196024 0.01365618577868893 0.0004525681407868957 5.6669878886365065e-6 2. 0.3 0.75 mwd mwd
2.9572772725644794 0.2179567417964312 0.013063069106707298 0.0005079863102895229 5.809954086472203e-6 2. 0.3 0.75 mwd N100
2.5905145883671437 0.20406103007930043 0.013015723296433376 0.0005118853243409556 5.76246764944833e-6 2. 0.3 0.75 mwd w7dt
2.627296891085775 0.18129243626639605 0.012712447157002137 0.0005224085657685945 5.646955577155342e-6 2. 0.3 2. mwd hed8
3.107437995590867 0.2322314849202125 0.013064958343419763 0.000458824714931024 5.723256477200592e-6 2. 0.3 2. mwd mwd
2.912277003096343 0.21775246084315364 0.012810751795006656 0.0004563162021373143 5.838244685545797e-6 2. 0.3 2. mwd N100
2.549198518094766 0.20372464384512123 0.012787941777809708 0.0004695414659420472 5.7866313776939e-6 2. 0.3 2. mwd w7dt
2.7589798202022497 0.17040097569393758 0.011746733343432594 0.00045431471324729775 0.000011180319144654441 2. 0.6 0.75 mwd hed8
3.479530669504649 0.22592357408685215 0.013008084618925206 0.00043959397364660275 0.000011181554447855539 2. 0.6 0.75 mwd mwd
3.1705072703874246 0.20861789483914117 0.01264741766567272 0.00042944662056127646 0.000011452338806307055 2. 0.6 0.75 mwd N100
2.7686195680644863 0.19193268723229268 0.012914160835140472 0.0005361983818456177 0.000011331204111074827 2. 0.6 0.75 mwd w7dt
2.755511683427808 0.16852384331340714 0.012040584733525614 0.0004474089742799912 0.000011146992627519804 2. 0.6 2. mwd hed8
3.42585900995469 0.22610317693358553 0.012790230892911137 0.0005035714891385727 0.000011238740496711971 2. 0.6 2. mwd mwd
3.13989765342192 0.20803018338084395 0.012618841876345382 0.00045654005181701776 0.000011477257805664144 2. 0.6 2. mwd N100
2.7058290181771243 0.1930245568087003 0.01247730150374368 0.0004905577435139076 0.000011420558798296573 2. 0.6 2. mwd w7dt
2.83655154511758 0.1630215387324914 0.01172148790499145 0.00043186863665954834 0.000013831350041519955 2. 0.75 0.75 mwd hed8
3.6219631727865034 0.22206103282780348 0.012940032782467524 0.0004639890980156986 0.000013839110240365543 2. 0.75 0.75 mwd mwd
3.292450530152981 0.20268605350564015 0.01275388126972027 0.0005096073981621716 0.000014149095883390022 2. 0.75 0.75 mwd N100
2.7996707784222297 0.18720701043716184 0.012379214174603208 0.0004973724495115355 0.0000141255333775796 2. 0.75 0.75 mwd w7dt
2.8496076006880773 0.15927496046855516 0.012237225180153811 0.00045833313714986726 0.000013740950727701358 2. 0.75 2. mwd hed8
3.5414442932518626 0.22275377888544332 0.012534909056757209 0.0004247689230960618 0.000013948840519541547 2. 0.75 2. mwd mwd
3.2485709912975986 0.2026596935971247 0.012633294234575565 0.00044721482885516975 0.000014197684222639806 2. 0.75 2. mwd N100
2.772410077816882 0.18645900453754538 0.01242423210655258 0.0004389045986597273 0.000014140130505826887 2. 0.75 2. mwd w7dt
1.8040035056949204 0.18430764965342775 0.012406817306193247 0.0006526475367728027 2.8842704493264083e-6 0.75 0.15 0.75 N100 hed8
2.0207237898308894 0.2158581677391556 0.012165643191767037 0.0005116367110250523 2.949721875539292e-6 0.75 0.15 0.75 N100 mwd
1.9547673561474297 0.2057425000910328 0.012517199729798194 0.0004965703847759688 3.0534259984952537e-6 0.75 0.15 0.75 N100 N100
1.6907465295881 0.19329578042850817 0.010365877951504487 0.0003740435182223633 2.9963297449365863e-6 0.75 0.15 0.75 N100 w7dt
1.763381031339268 0.18321825331666416 0.01203889245813619 0.0004632486791987851 2.8965228794200896e-6 0.75 0.15 2. N100 hed8
1.9849418504157006 0.21508831377796608 0.011846512905616783 0.0004022346817619166 2.962480795075949e-6 0.75 0.15 2. N100 mwd
1.911837279689766 0.20492751236840584 0.012048930427103895 0.0004609829248651076 3.070904566734653e-6 0.75 0.15 2. N100 N100
1.6895134723200103 0.18967149670211988 0.01101689998084197 0.0005278485543191285 2.973581634023064e-6 0.75 0.15 2. N100 w7dt
1.9663416715421163 0.18331291144232106 0.012293940323560513 0.0005734356792236084 5.766787464623663e-6 0.75 0.3 0.75 N100 hed8
2.2974039894612073 0.21964560078084622 0.012776898131947479 0.00046715668617988037 5.8583139516673355e-6 0.75 0.3 0.75 N100 mwd
2.223237007396627 0.20556631445751777 0.013774949605258453 0.00047691465089555435 6.020852172299051e-6 0.75 0.3 0.75 N100 N100
1.9048073997221213 0.18793746543529463 0.011940966548306604 0.00038367508814264595 5.876946540327027e-6 0.75 0.3 0.75 N100 w7dt
1.958423409791956 0.180393490250995 0.012712157732182126 0.0005279686416619204 5.744182208097658e-6 0.75 0.3 2. N100 hed8
2.2807996408150566 0.21816616882820647 0.012976722714888287 0.00044595438104378065 5.848066334403005e-6 0.75 0.3 2. N100 mwd
2.1713482486440316 0.204325634088293 0.013369572327599355 0.0005018999412424928 6.050786794933324e-6 0.75 0.3 2. N100 N100
2.1763698768968025 0.2390581713877351 0.012171451745193233 0.0004522360174912711 5.72513672036412e-6 0.75 0.3 2. N100 w7dt
1.94776447359887 0.18998118012350473 0.01258422787399202 0.0005728448945949873 2.8870392349186312e-6 1. 0.15 0.75 N100 hed8
2.1769197287151587 0.22345112846967788 0.012324364479034872 0.00048376886982948836 2.953296286393514e-6 1. 0.15 0.75 N100 mwd
2.1268138432007566 0.21424675515330993 0.012770152732998825 0.0005512737535041842 2.9384572662582448e-6 1. 0.15 0.75 N100 N100
1.9109059370755304 0.19614291202939513 0.012417458957666234 0.0005610244026361272 2.9406969267458457e-6 1. 0.15 0.75 N100 w7dt
1.9588591627985152 0.18726306742610824 0.013273917326935425 0.0005540503075286102 2.869396561304422e-6 1. 0.15 2. N100 hed8
2.2040218999950016 0.22153469240331103 0.013156437967669035 0.0005879645215880967 2.9289044335652284e-6 1. 0.15 2. N100 mwd
2.0987009482986103 0.21326968856069878 0.012612751657816935 0.00047060603347284677 2.9456545241357296e-6 1. 0.15 2. N100 N100
1.8608294806107912 0.1957258692959782 0.01185574853648888 0.0006643859224710894 2.959544712147708e-6 1. 0.15 2. N100 w7dt
2.062216585460206 0.18825871288857343 0.011995233872387238 0.000528163383444431 5.794775167048071e-6 1. 0.3 0.75 N100 hed8
2.4749539090711408 0.22510340710358562 0.01348620060541097 0.0005450078848398918 5.813648964303166e-6 1. 0.3 0.75 N100 mwd
2.331672328335104 0.21444152129021063 0.013196835572912865 0.000588010089318463 5.834624653535302e-6 1. 0.3 0.75 N100 N100
2.017986041447284 0.19571620578874158 0.011809280514242345 0.00042413364045040477 5.9082942217832945e-6 1. 0.3 0.75 N100 w7dt
2.097195343610644 0.1850400142364734 0.013135169586621104 0.0006345322704479016 5.727055828215204e-6 1. 0.3 2. N100 hed8
2.439439083097358 0.22423964844735017 0.013346587385226788 0.0004653285223282218 5.82984880821296e-6 1. 0.3 2. N100 mwd
2.3211501217307697 0.21266698613638937 0.013435677214216804 0.0005777485759067564 5.824246017398852e-6 1. 0.3 2. N100 N100
1.989238912438824 0.19433767190724738 0.01179713051333513 0.0003128444227635597 5.911117072887453e-6 1. 0.3 2. N100 w7dt
2.154599639540723 0.1950451931745962 0.012938720678417462 0.0005632782709812506 2.8792595462096306e-6 1.4 0.15 0.75 N100 hed8
2.437680050439144 0.2309406315599732 0.013191918053699023 0.0004645102510452867 2.92751610780329e-6 1.4 0.15 0.75 N100 mwd
2.3949130764074194 0.22100611132836967 0.01370292147960239 0.0005719352497122594 3.0282453490105372e-6 1.4 0.15 0.75 N100 N100
2.1130954698290587 0.20381564467888844 0.012648592486333387 0.00042414274475693474 2.941923362895359e-6 1.4 0.15 0.75 N100 w7dt
2.1884276133439613 0.19242968731662408 0.01393270717929845 0.0005640160302714007 2.8509160299694204e-6 1.4 0.15 2. N100 hed8
2.3739541664836556 0.2309278769038092 0.012528153819435709 0.0005134677580363042 2.9534655230132948e-6 1.4 0.15 2. N100 mwd
2.3583361960476856 0.22004852998144595 0.013460509785894376 0.0005105883350182625 3.0393453982464006e-6 1.4 0.15 2. N100 N100
2.0755669963538876 0.2033648794504459 0.012371057520385776 0.00043593215287126885 2.953866342865685e-6 1.4 0.15 2. N100 w7dt
2.356778957372059 0.1889905190038618 0.014128553821110652 0.0006393691702056604 5.655192221407364e-6 1.4 0.3 0.75 N100 hed8
2.728817317363961 0.2319931040625205 0.014310508352698694 0.000542350728489118 5.754698642520788e-6 1.4 0.3 0.75 N100 mwd
2.5638206580086975 0.21979847804392796 0.013823568857533492 0.0005623564857829467 6.021048740449793e-6 1.4 0.3 0.75 N100 N100
2.2553166066223205 0.20092509521188523 0.012992095081984572 0.00048799991753885335 5.838537669783119e-6 1.4 0.3 0.75 N100 w7dt
2.2821587273616153 0.18909385132985737 0.013384778221144667 0.0004890695550075028 5.705278684685737e-6 1.4 0.3 2. N100 hed8
2.6912413808833855 0.23140185073979566 0.014128428596635247 0.0005607121017318523 5.774822768556355e-6 1.4 0.3 2. N100 mwd
2.5923548904958142 0.2179589256304388 0.014544090935192643 0.0006848478543365383 5.981180493804651e-6 1.4 0.3 2. N100 N100
2.2446926858602465 0.19901029488040764 0.013273220327640126 0.00048827757001075763 5.824187226146342e-6 1.4 0.3 2. N100 w7dt
2.54503034691241 0.17905540023649874 0.01356968701315684 0.0005208822418375927 0.000011223070647854797 1.4 0.6 0.75 N100 hed8
3.0465445059115526 0.23028160235129186 0.013996462754829343 0.00047929203103159963 0.00001140108297483105 1.4 0.6 0.75 N100 mwd
2.848260890180813 0.21383082731976447 0.013994462211733654 0.0005068568209788 0.000011868678106830057 1.4 0.6 0.75 N100 N100
2.4787204262170466 0.18936614197130208 0.01338694220929182 0.0005622532353804503 0.000011467828342732174 1.4 0.6 0.75 N100 w7dt
2.5117217036781976 0.17792698537504506 0.01352660690211893 0.0004990540676702081 0.0000112413558457557 1.4 0.6 2. N100 hed8
3.014399121228346 0.22939650598922426 0.013982939505500721 0.0004887811507778441 0.000011420203826622368 1.4 0.6 2. N100 mwd
2.8190410875881455 0.21270767717083022 0.014008171498538707 0.0004302648342724683 0.000011884001368644325 1.4 0.6 2. N100 N100
2.4436251556444284 0.18843323301565632 0.013351713302643075 0.0006060700601252325 0.000011488506928001896 1.4 0.6 2. N100 w7dt
2.6601097388329378 0.16251442815326927 0.012735454710157204 0.0004058529663773924 0.000013851491409611223 1.4 0.75 0.75 N100 hed8
3.1269337264217154 0.232801371950433 0.013730855458140572 0.00040947729870037265 0.000014268245611154343 1.4 0.75 0.75 N100 mwd
2.5117360416874974 0.19047893144250158 0.013142696704603662 0.0006056448092552072 0.00001485074999483902 1.4 0.75 0.75 N100 N100
2.2517542337958845 0.17651743093974923 0.01288806500272304 0.0005728011540487515 0.000014337649754697305 1.4 0.75 0.75 N100 w7dt
2.650491760811212 0.160328946865875 0.013003774640108318 0.0005718877381941992 0.00001382512150851359 1.4 0.75 2. N100 hed8
3.1173268865790824 0.23154149524003206 0.013923951872325976 0.00046638911841868246 0.000014260062649604731 1.4 0.75 2. N100 mwd
2.534568065017876 0.18899196185780137 0.013730122357295281 0.0005572552762964648 0.000014771292220507506 1.4 0.75 2. N100 N100
2.20330932740671 0.17729451548578504 0.012458238776346414 0.0004226396675632855 0.000014429951330931946 1.4 0.75 2. N100 w7dt
2.3530680191264453 0.1973064498385757 0.01347887024842128 0.00052421761465851 2.8587602124639718e-6 1.8 0.15 0.75 N100 hed8
2.6678916994840898 0.23675360120258876 0.01382536907284966 0.0006149954970806164 2.9017940047843387e-6 1.8 0.15 0.75 N100 mwd
2.650538527026045 0.2258745221883814 0.014577738622034571 0.0006084125569704921 2.9949408440113857e-6 1.8 0.15 0.75 N100 N100
2.3100217422330886 0.2082589391229071 0.01318262934927435 0.0004726888778256687 2.92472297401887e-6 1.8 0.15 0.75 N100 w7dt
2.3740301030896536 0.19545816496786964 0.014143507683118582 0.0005687971095415075 2.8403097411017725e-6 1.8 0.15 2. N100 hed8
2.667754910463347 0.2363653745854967 0.014060602483603296 0.0005667776222006172 2.89906223663616e-6 1.8 0.15 2. N100 mwd
2.6103915162189315 0.22513461832331788 0.014309090034191735 0.0006418072254210027 3.007809890897166e-6 1.8 0.15 2. N100 N100
2.276068754366928 0.2075214432734452 0.01298126918773472 0.0004893869609700848 2.9352956615054833e-6 1.8 0.15 2. N100 w7dt
2.4808062111876543 0.1926669199127748 0.013682988858670617 0.0006295935705541335 5.669387464317974e-6 1.8 0.3 0.75 N100 hed8
2.908649878127596 0.237655948946252 0.014347989622730921 0.0004671763680907679 5.737918890870864e-6 1.8 0.3 0.75 N100 mwd
2.7817063862157743 0.22479007427046419 0.014314858853776844 0.0005492326593794949 5.974629895020002e-6 1.8 0.3 0.75 N100 N100
2.4507328062014833 0.20456689002752157 0.01360980860643664 0.0005146078464874102 5.793648886419772e-6 1.8 0.3 0.75 N100 w7dt
2.4329687309041685 0.19205672869923174 0.013351701095466326 0.0006016074654564886 5.695860406576246e-6 1.8 0.3 2. N100 hed8
2.839292648802272 0.23725114566264588 0.013811109571854217 0.0005153855218322029 5.781518676053208e-6 1.8 0.3 2. N100 mwd
2.7442019305326033 0.22385507425263645 0.014156158775062948 0.0005602363523552818 5.99230816046119e-6 1.8 0.3 2. N100 N100
2.431979391096186 0.20331118071987264 0.013691543757252978 0.0005361240341645787 5.797929558558579e-6 1.8 0.3 2. N100 w7dt
2.663150888819367 0.18215516601792084 0.013564471795772467 0.0004927317520980064 0.000011199683949923807 1.8 0.6 0.75 N100 hed8
3.2123790822946283 0.2353847575447965 0.014118843049321027 0.00045618319479059124 0.000011349173963245608 1.8 0.6 0.75 N100 mwd
2.9432818201791986 0.22013610685725268 0.013371884234492511 0.00042778231541932426 0.000011930832839072783 1.8 0.6 0.75 N100 N100
2.6346120565409543 0.1948547051822438 0.013643281579791815 0.0005670352921566296 0.000011435073349449358 1.8 0.6 0.75 N100 w7dt
2.6085746666724132 0.18246615228666957 0.013201666187039723 0.0005448411063380154 0.000011264941143826745 1.8 0.6 2. N100 hed8
3.177241424677466 0.23475644336913915 0.01405030435466156 0.0004593614111329304 0.000011380183300125452 1.8 0.6 2. N100 mwd
2.9736741263759146 0.21835107843686352 0.014009702430355608 0.0005482269581258261 0.000011856942859047503 1.8 0.6 2. N100 N100
2.600360672273951 0.1941828687545978 0.013581433598596607 0.0005064614288607888 0.00001146300361593066 1.8 0.6 2. N100 w7dt
2.7848264758250822 0.17500587058654415 0.013898184452274497 0.0006086481869946299 0.000013840274092752445 1.8 0.75 0.75 N100 hed8
3.34330862260264 0.23332210632894024 0.014046447094663387 0.0004533938393337451 0.000014094941352291149 1.8 0.75 0.75 N100 mwd
3.1212272665975074 0.21527471779129967 0.014071640060208801 0.0005707746629577659 0.000014683579540117776 1.8 0.75 0.75 N100 N100
2.750068589305194 0.18736388193944464 0.014099279722805861 0.0005697447654013601 0.000014101132789600638 1.8 0.75 0.75 N100 w7dt
2.711082165454197 0.17549492788402465 0.013369087279600289 0.0005363158341702438 0.000013942798349334293 1.8 0.75 2. N100 hed8
3.3046453165855176 0.23277899459836535 0.013948267016140799 0.000469325671353402 0.000014144529421899468 1.8 0.75 2. N100 mwd
3.0528059199099475 0.21507789333596206 0.013696621483899465 0.0004669078217712638 0.000014772806110392774 1.8 0.75 2. N100 N100
2.6338814972766786 0.18971412002036261 0.013020481320845939 0.0004963608036433477 0.000014315372290734876 1.8 0.75 2. N100 w7dt
2.4691913711931925 0.19756903336316076 0.014086266894564591 0.0006177774382495225 2.836089641992125e-6 2. 0.15 0.75 N100 hed8
2.792115415100277 0.23914125301887124 0.014292335629689668 0.0005679140084107946 2.8831140694384675e-6 2. 0.15 0.75 N100 mwd
2.6927244553720184 0.2301101043953692 0.01387207948721725 0.0005176886874559652 2.8993333461789628e-6 2. 0.15 0.75 N100 N100
2.4131322237645008 0.20973020760920713 0.013570981366170957 0.000502231873910587 2.9104997551920223e-6 2. 0.15 0.75 N100 w7dt
2.4196475805523865 0.19735210815324597 0.013693093418501933 0.0006247359414907126 2.850500052568254e-6 2. 0.15 2. N100 hed8
2.706615091879944 0.2390955496911962 0.01346992414342673 0.0005421259407498376 2.9144380967269738e-6 2. 0.15 2. N100 mwd
2.6495974538959333 0.22980882076703682 0.013576823216442421 0.0005231160087382923 2.9128286519962723e-6 2. 0.15 2. N100 N100
2.397742339372081 0.20865162482476923 0.01369856985251525 0.0005166819611796312 2.9098998610444067e-6 2. 0.15 2. N100 w7dt
2.577354315664381 0.19292244724014038 0.014033693620753912 0.0005848131021409952 5.638782817091876e-6 2. 0.3 0.75 N100 hed8
3.0110620835362565 0.23916168548348277 0.0145696323237078 0.0006373713521536956 5.713651641497281e-6 2. 0.3 0.75 N100 mwd
2.858037838408299 0.22850237472879217 0.014143079581698907 0.0005548709097483921 5.749594902087613e-6 2. 0.3 0.75 N100 N100
2.5361920247050462 0.20589494766623595 0.013801727463178539 0.0005744480222752852 5.776588816987289e-6 2. 0.3 0.75 N100 w7dt
2.5352831800673816 0.19219911000351236 0.013826571749028897 0.0005820268711691556 5.65656898805008e-6 2. 0.3 2. N100 hed8
3.003981741584867 0.23889192642305743 0.014723385350851735 0.000552082117569539 5.71385596629307e-6 2. 0.3 2. N100 mwd
2.8406486468778525 0.22775427648920804 0.01421855451426159 0.0005048908979611528 5.751706135246606e-6 2. 0.3 2. N100 N100
2.4716235119378207 0.20604658690981312 0.013211714380672437 0.0005491768460387935 5.825325860255791e-6 2. 0.3 2. N100 w7dt
2.707232407652131 0.18383936934197584 0.01334451225574231 0.000510293604153803 0.000011211665973792933 2. 0.6 0.75 N100 hed8
3.298066513867047 0.23739172882931273 0.014242536357559078 0.0004804581786571786 0.000011314427480489604 2. 0.6 0.75 N100 mwd
3.0526004143131784 0.2238097317134874 0.013640480205261048 0.00045113261303257417 0.000011421999549167862 2. 0.6 0.75 N100 N100
2.720054919932738 0.19659403469776832 0.013884032213208075 0.0005013760086942193 0.000011398182082238466 2. 0.6 0.75 N100 w7dt
2.6553659184763596 0.18354853683220296 0.013027726928880035 0.0005103238420058186 0.00001126978545948395 2. 0.6 2. N100 hed8
3.2661350743989552 0.23676090507238845 0.014187890952424662 0.0005137836312036459 0.00001134201207531676 2. 0.6 2. N100 mwd
3.032371980824577 0.22310852071766654 0.013712998239910755 0.0005147809850323269 0.000011431285140040715 2. 0.6 2. N100 N100
2.667445580842196 0.1961082804891007 0.013595617032135762 0.0005141659419063212 0.000011454966856931044 2. 0.6 2. N100 w7dt
2.7396006629470318 0.18035550440886458 0.012725018281240617 0.00039675246048530684 0.00001402521318799998 2. 0.75 0.75 N100 hed8
3.3970883488397208 0.2358606119891393 0.013907321902346484 0.0004475668019827185 0.000014097599981181939 2. 0.75 0.75 N100 mwd
3.195044811628008 0.22011219073371235 0.0139838576970611 0.0005129416615183544 0.000014124612731212655 2. 0.75 0.75 N100 N100
2.7568994794897197 0.1922586094956846 0.013406041383553623 0.0004147121015541412 0.000014221461748586945 2. 0.75 0.75 N100 w7dt
2.7371523154567416 0.17831804410045393 0.013026467778373702 0.00047204257703959367 0.000013992847612207985 2. 0.75 2. N100 hed8
3.3525098992542337 0.23532133215708567 0.013761062728955107 0.0004953439504065055 0.000014151502498644619 2. 0.75 2. N100 mwd
3.114583046742927 0.2196228076718425 0.013494542342219648 0.00048793980821433444 0.00001423038320187138 2. 0.75 2. N100 N100
2.715370066861906 0.19183425908808843 0.013273908376350991 0.0004514244378753665 0.000014268974677944823 2. 0.75 2. N100 w7dt
1.9612236747855303 0.1651316051034817 0.012865019029769591 0.0008172121743014275 2.8280634891777216e-6 0.75 0.15 0.75 w7dt hed8
2.2282416219933503 0.20728225144014717 0.012497577155703274 0.0004643026238643106 2.97608085745691e-6 0.75 0.15 0.75 w7dt mwd
2.1186110597061036 0.19213034512323787 0.012444332006848427 0.0006200216624273968 3.000634037547935e-6 0.75 0.15 0.75 w7dt N100
1.7740064174082915 0.18216843619539166 0.01174226102828847 0.0006772113525234594 2.9263026371356006e-6 0.75 0.15 0.75 w7dt w7dt
1.9340466466745745 0.16429643942437458 0.012791314350564261 0.0005441845528154439 2.8373829287366748e-6 0.75 0.15 2. w7dt hed8
2.209883462175152 0.20615610375764604 0.012546038966556148 0.0004827975970914277 2.9769932768668398e-6 0.75 0.15 2. w7dt mwd
2.09921556830481 0.19089565248433502 0.012493585462352581 0.0005158705043199214 3.0015420097766337e-6 0.75 0.15 2. w7dt N100
1.7205960047854731 0.18235199440857544 0.010974440372387437 0.0003997793258624271 2.954426222855452e-6 0.75 0.15 2. w7dt w7dt
2.0933838408358394 0.16031832601790716 0.011749559836422913 0.000457272024832842 5.6707310822348844e-6 0.75 0.3 0.75 w7dt hed8
2.511621599245819 0.20630366482259752 0.012451920468225734 0.0004565511186576597 5.902187954767875e-6 0.75 0.3 0.75 w7dt mwd
2.3565392187127596 0.1873816463968983 0.012671676307074485 0.0005115604317531217 5.92808404488464e-6 0.75 0.3 0.75 w7dt N100
1.9592848812058075 0.17566969153044248 0.012192067064888894 0.000641372480883626 5.784725386054414e-6 0.75 0.3 0.75 w7dt w7dt
2.0895479799277936 0.15697898095712517 0.012222552171275509 0.0005044127817933726 5.650159253919283e-6 0.75 0.3 2. w7dt hed8
2.518244862501482 0.2043155808896902 0.01291465683174085 0.0005282401695557045 5.8773915252525584e-6 0.75 0.3 2. w7dt mwd
2.344204036120282 0.1855500577094353 0.012884126616249474 0.0006223771267939704 5.919899662433459e-6 0.75 0.3 2. w7dt N100
1.9398544293759676 0.17368612660745436 0.012383242862647269 0.0005409246854318506 5.779002046114115e-6 0.75 0.3 2. w7dt w7dt
2.0771039577976897 0.16995231801389823 0.012575561524470438 0.0006880668978421467 2.835226898567877e-6 1. 0.15 0.75 w7dt hed8
2.4096785971312955 0.21215626740248836 0.013129851602351701 0.0006094584557192066 2.9519232954180243e-6 1. 0.15 0.75 w7dt mwd
2.1809315746170324 0.20202561370614794 0.010930020891945067 0.00042307737864416073 3.0601737243146566e-6 1. 0.15 0.75 w7dt N100
1.9074617450275957 0.18821057755998338 0.011933077271165979 0.0004970041096395859 2.928300418658772e-6 1. 0.15 0.75 w7dt w7dt
1.9983319244448694 0.17152555784231918 0.01145265582215572 0.0005155339580995927 2.8795292780352038e-6 1. 0.15 2. w7dt hed8
2.374157631059183 0.21199920098172498 0.012890749767431936 0.000605298370664935 2.964392863497899e-6 1. 0.15 2. w7dt mwd
2.2020393848673647 0.19879878308020332 0.011713836810412485 0.00042474835268959917 3.029489179118731e-6 1. 0.15 2. w7dt N100
1.9274102799997366 0.18517014427402967 0.01287674972693839 0.00048450438243496463 2.9006522484947964e-6 1. 0.15 2. w7dt w7dt
2.2235446852744705 0.1610392489038851 0.012336940869444937 0.0006036391054229767 5.6141149664159445e-6 1. 0.3 0.75 w7dt hed8
2.6763138724142075 0.21011720401404926 0.013021278799925696 0.0005363614871226187 5.8475569671504585e-6 1. 0.3 0.75 w7dt mwd
2.4719696207032316 0.19279266513588914 0.012542858359444912 0.0005909303841762868 5.927962007297726e-6 1. 0.3 0.75 w7dt N100
2.110835619315734 0.18096802445321195 0.012931157603276539 0.0006705898785508927 5.751699252708915e-6 1. 0.3 0.75 w7dt w7dt
2.188736672481592 0.16020785838135307 0.012189281978456439 0.0005175614301253202 5.635883323491116e-6 1. 0.3 2. w7dt hed8
2.6662647095352336 0.2093132672528931 0.013179681885884153 0.000580370614902298 5.847821011867464e-6 1. 0.3 2. w7dt mwd
2.4677453027922236 0.1911574331990617 0.012860213003690044 0.0004930067010499145 5.908994698689267e-6 1. 0.3 2. w7dt N100
2.0611971189376237 0.1805986617316214 0.01250410872124311 0.0005994956243678064 5.78738806381588e-6 1. 0.3 2. w7dt w7dt
2.251029714364713 0.17295136793621 0.012567786139383703 0.0005486369743584057 2.824155471108403e-6 1.4 0.15 0.75 w7dt hed8
2.6003259081790735 0.21914337414442564 0.012984192472438027 0.0004931174237005728 2.947860214468079e-6 1.4 0.15 0.75 w7dt mwd
2.459042982742067 0.20479439823828238 0.012327891792309666 0.0006345446323539023 2.9951847219783363e-6 1.4 0.15 0.75 w7dt N100
2.1424378443615186 0.19351714280618326 0.013093858786461384 0.000532704404534083 2.895267169213774e-6 1.4 0.15 0.75 w7dt w7dt
2.1984731436662543 0.17341715214334136 0.012043116722631654 0.0005290866300451905 2.8451239116516298e-6 1.4 0.15 2. w7dt hed8
2.5624889764091137 0.21896978296507502 0.012747157431214547 0.0005107813229640083 2.9602525550022906e-6 1.4 0.15 2. w7dt mwd
2.467669497046672 0.2029799130127988 0.012770495058609218 0.0005444138709941407 2.979324736539421e-6 1.4 0.15 2. w7dt N100
2.1217683252423667 0.1923245707365772 0.013134239743971661 0.0005565630909684433 2.897059851978075e-6 1.4 0.15 2. w7dt w7dt
2.362062572126745 0.1653298883167496 0.012119137592559996 0.0004623076488267607 5.607343367204983e-6 1.4 0.3 0.75 w7dt hed8
2.8251839375813357 0.2171040084452166 0.012688432424372368 0.00042605491045394014 5.849795618585634e-6 1.4 0.3 0.75 w7dt mwd
2.625271516328193 0.19973532015225945 0.01220711849507384 0.0004534925446793659 5.929153802246236e-6 1.4 0.3 0.75 w7dt N100
2.2753902785876696 0.18799389129520921 0.012980499826336783 0.0006079011643236465 5.754415005508576e-6 1.4 0.3 0.75 w7dt w7dt
2.3250385958446165 0.1651109176653861 0.011892922286150857 0.0005064286970824192 5.63034867764041e-6 1.4 0.3 2. w7dt hed8
2.8192203279720016 0.216221977605491 0.012868130774621683 0.00041655041440365854 5.844722920293861e-6 1.4 0.3 2. w7dt mwd
2.609515951741819 0.19913934382909568 0.012282233340501467 0.00046951530097244526 5.929853841603805e-6 1.4 0.3 2. w7dt N100
2.2353399990334495 0.18721965510611208 0.012751612051172697 0.0006208119256850152 5.774616516568745e-6 1.4 0.3 2. w7dt w7dt
2.50160175742019 0.15202199369853028 0.010974274165586148 0.00039553726638655084 0.000011105875253462176 1.4 0.6 0.75 w7dt hed8
3.1411259220480234 0.21004177882378564 0.012097190401686287 0.0004360861682782118 0.000011502887256867448 1.4 0.6 0.75 w7dt mwd
2.854144007672088 0.18931853809497937 0.011587101221599502 0.00042354681165514973 0.000011683723814438705 1.4 0.6 0.75 w7dt N100
2.394382918128768 0.1773824939853279 0.011727214407065532 0.00045271516309063027 0.000011446219873774422 1.4 0.6 0.75 w7dt w7dt
2.4646823684890156 0.15222566575479615 0.010787844182389116 0.00039210024341290413 0.000011152407090589289 1.4 0.6 2. w7dt hed8
3.125546642056208 0.2094990355701812 0.012207186575891317 0.000439363216486242 0.000011512759722153017 1.4 0.6 2. w7dt mwd
2.807261229358625 0.18958438497817365 0.011343917596854556 0.00039469324803580093 0.000011742991962957842 1.4 0.6 2. w7dt N100
2.3781175279303883 0.1755053582389902 0.011899166924580602 0.0005459122995690987 0.000011437444728294993 1.4 0.6 2. w7dt w7dt
2.5647419735675747 0.13883018875239184 0.010632331213927183 0.0004286840806998156 0.000013697831127588545 1.4 0.75 0.75 w7dt hed8
3.3006617589124887 0.20540595223407793 0.012137641215885238 0.00042666419817630424 0.000014217775074444407 1.4 0.75 0.75 w7dt mwd
2.904384669124944 0.1784394579045521 0.01033722364572972 0.0004089017233933245 0.000014489202428714695 1.4 0.75 0.75 w7dt N100
2.356365981462906 0.17243602895954904 0.009841710559608682 0.0003979309789033116 0.000014335340728080723 1.4 0.75 0.75 w7dt w7dt
2.5408863273118465 0.13754041990880367 0.01068228881495732 0.000423680908386153 0.000013707101815462653 1.4 0.75 2. w7dt hed8
3.2397330432131564 0.2066146222631336 0.011824223437453742 0.0004102939482987136 0.000014318180630191352 1.4 0.75 2. w7dt mwd
2.8848022032856204 0.17734676896531523 0.010431122085200872 0.00042194167765487807 0.00001448843225644674 1.4 0.75 2. w7dt N100
2.362086255462749 0.16875046691496384 0.010447621899656107 0.0004821944854129087 0.0000142216248322169 1.4 0.75 2. w7dt w7dt
2.376611420984105 0.17557745554310572 0.012169050841409476 0.0005298194643840342 2.8248996478855496e-6 1.8 0.15 0.75 w7dt hed8
2.779687363544052 0.22407790081857065 0.013027598271915922 0.0005659548697497512 2.9343408943675178e-6 1.8 0.15 0.75 w7dt mwd
2.6539000398309276 0.20817477633653464 0.012594802597531003 0.0005152519501206635 2.9709555949446947e-6 1.8 0.15 0.75 w7dt N100
2.267415887822351 0.1986788568431483 0.012598722170697003 0.0005455048247565066 2.908314977954327e-6 1.8 0.15 0.75 w7dt w7dt
2.3560607412595282 0.17474868002791571 0.012206702675070479 0.00048396101798103516 2.825724967951897e-6 1.8 0.15 2. w7dt hed8
2.7886044773183585 0.22317026808320728 0.013355448688028078 0.0005578558685270337 2.9266154095586377e-6 1.8 0.15 2. w7dt mwd
2.6586265517675494 0.20713348060900447 0.012908783651403433 0.0005272011224239216 2.961452430563811e-6 1.8 0.15 2. w7dt N100
2.2582483506765043 0.197466019039069 0.01283927427376211 0.0005507815745099536 2.903019386298773e-6 1.8 0.15 2. w7dt w7dt
2.4429433737423927 0.17013795579989127 0.011352461121122485 0.0004926847879830477 5.639662794802671e-6 1.8 0.3 0.75 w7dt hed8
2.95291084877139 0.2225331688528001 0.01237226555531005 0.0004900473104661488 5.8479524565459314e-6 1.8 0.3 0.75 w7dt mwd
2.7580544831029745 0.20497413046868507 0.011890461486851007 0.0005294721636898773 5.927836581441206e-6 1.8 0.3 0.75 w7dt N100
2.3687536484717295 0.1943640855820346 0.012245181045936844 0.00046223401973847757 5.798395797701788e-6 1.8 0.3 0.75 w7dt w7dt
2.418554586532423 0.16922864623180997 0.011317183375682553 0.00047774026333032677 5.647955037927012e-6 1.8 0.3 2. w7dt hed8
2.961793670170226 0.2215676640833532 0.012713081524535343 0.000462549618347156 5.8288700885835914e-6 1.8 0.3 2. w7dt mwd
2.767970054493508 0.20353430670814968 0.012276103609510187 0.0005486015608134312 5.903429630099026e-6 1.8 0.3 2. w7dt N100
2.3722171513234143 0.1926479096502182 0.012661083487907832 0.0004995500080887847 5.776272798888016e-6 1.8 0.3 2. w7dt w7dt
2.5844438660490856 0.15548213368831254 0.010838332609950076 0.000440187003579336 0.000011077431643921787 1.8 0.6 0.75 w7dt hed8
3.273247471281855 0.21431038373275182 0.012102403874767574 0.00039997243416452536 0.000011447965914723648 1.8 0.6 0.75 w7dt mwd
2.944222050694388 0.19618705068613093 0.011199707704307619 0.0004324476081973817 0.000011705080536275046 1.8 0.6 0.75 w7dt N100
2.562284920717271 0.1804758617190155 0.012426346888540567 0.0005243389651314354 0.00001134903811679339 1.8 0.6 0.75 w7dt w7dt
2.5562171787825165 0.1550736834600671 0.010769938335977865 0.00044727222617055036 0.000011103910823787918 1.8 0.6 2. w7dt hed8
3.2344478882967165 0.21473143170053527 0.011967918035452526 0.0004583581335711231 0.000011493521598208462 1.8 0.6 2. w7dt mwd
2.9153133485218135 0.1954978314284575 0.011154438860569283 0.0004520286662378833 0.000011732250034123884 1.8 0.6 2. w7dt N100
2.499267886762302 0.18184126880761417 0.011864334387985544 0.0004570837042304602 0.00001145768095848527 1.8 0.6 2. w7dt w7dt
2.6189769833247913 0.15189574136823206 0.010145457289348342 0.0004420924448266907 0.00001384395813282984 1.8 0.75 0.75 w7dt hed8
3.3483737801733016 0.21200014144373946 0.011496778237231322 0.0003970172921266408 0.00001427905634589519 1.8 0.75 0.75 w7dt mwd
3.0347173721043426 0.19044799388810893 0.01103892877470044 0.00042864332253059846 0.00001449914128416703 1.8 0.75 0.75 w7dt N100
2.5874078818498494 0.1758970648729526 0.011759671486113668 0.0004931260101557738 0.000014155673075231906 1.8 0.75 0.75 w7dt w7dt
2.621222631567384 0.14786411146374004 0.010565091266614812 0.00041530916927028083 0.000013747927316519512 1.8 0.75 2. w7dt hed8
3.340924534867616 0.21146041937837748 0.011638479777520942 0.00038471656539691907 0.000014275070565649398 1.8 0.75 2. w7dt mwd
3.035850653405916 0.1886787470457228 0.011309027382802792 0.000431525254999884 0.000014456108079180464 1.8 0.75 2. w7dt N100
2.5361467753140867 0.17659521057516547 0.01141686836640566 0.0005028532263806638 0.000014254061853793342 1.8 0.75 2. w7dt w7dt
2.424133442627156 0.17697865235713867 0.011886602101189652 0.0004917930029210842 2.82809274017735e-6 2. 0.15 0.75 w7dt hed8
2.822390221260779 0.22675988306826045 0.01257941547433211 0.0004639405755380388 2.9441358156680065e-6 2. 0.15 0.75 w7dt mwd
2.71314556786211 0.2107472542953952 0.01233570468664441 0.0005826201772842545 2.9724332127978092e-6 2. 0.15 0.75 w7dt N100
2.3962307965317287 0.1986653112804026 0.013555562132189159 0.0006982266675442029 2.8742047317191105e-6 2. 0.15 0.75 w7dt w7dt
2.399100566098095 0.17639427199787994 0.01183125863473401 0.0005362168888449474 2.832344526490415e-6 2. 0.15 2. w7dt hed8
2.7743493692601424 0.2271878112741954 0.012201816322648062 0.0004393228993018943 2.9633488986989074e-6 2. 0.15 2. w7dt mwd
2.6846514226045537 0.21045403163577472 0.012209772680663911 0.00046186203789962284 2.9805743655211353e-6 2. 0.15 2. w7dt N100
2.3698279231887214 0.19793457942726425 0.0134592785352795 0.000634703460520012 2.8808662695237054e-6 2. 0.15 2. w7dt w7dt
2.5413569004585215 0.1680574312473494 0.011939619754876509 0.0005230525157428305 5.575403543496836e-6 2. 0.3 0.75 w7dt hed8
3.046669794972288 0.2237623826187359 0.012612297256881006 0.0004477857276075121 5.815737791962747e-6 2. 0.3 0.75 w7dt mwd
2.8438894625621245 0.20643671247116807 0.012056995586652698 0.00048620636766179813 5.899639371208063e-6 2. 0.3 0.75 w7dt N100
2.4783062795938475 0.19453438390177874 0.012944787736170523 0.0005500228091455869 5.743444030894602e-6 2. 0.3 0.75 w7dt w7dt
2.4800137159018045 0.169922437900651 0.011358062118294527 0.00047713811386166825 5.6294583274559496e-6 2. 0.3 2. w7dt hed8
3.0213354826088796 0.22401560110744573 0.012540246227733866 0.0004384379958553289 5.831361388424954e-6 2. 0.3 2. w7dt mwd
2.8214986857295634 0.2058593034940428 0.012032454026149334 0.00045131492934844154 5.908070227134726e-6 2. 0.3 2. w7dt N100
2.456949329617329 0.19341714889018533 0.012968639146497292 0.0005905130539123808 5.749476450152882e-6 2. 0.3 2. w7dt w7dt
2.6332317456306855 0.15692925567964533 0.010817721937419958 0.0004114756111795121 0.000011055881900466743 2. 0.6 0.75 w7dt hed8
3.310847275218741 0.21721934649067276 0.011868433168605171 0.00044486417292999433 0.000011465642454467717 2. 0.6 0.75 w7dt mwd
3.0475281311963265 0.19615625104741832 0.011676836851748711 0.0004747470888112959 0.000011584949194268362 2. 0.6 0.75 w7dt N100
2.6176138854855133 0.18244283918639445 0.01239851598442248 0.000422700277398096 0.000011345167391929703 2. 0.6 0.75 w7dt w7dt
2.594768151865349 0.1569016785049235 0.010615198087805472 0.00043459996547397944 0.000011104042871039972 2. 0.6 2. w7dt hed8
3.3044191768694042 0.2165390922101657 0.012023150417822684 0.00042787928939467157 0.000011456887761712231 2. 0.6 2. w7dt mwd
3.004729441938521 0.19652674716587643 0.011457670776708768 0.0004938877080853627 0.000011643788527618818 2. 0.6 2. w7dt N100
2.57078551758917 0.18324470957464822 0.012080993969226319 0.00041840955811431004 0.000011416577942648622 2. 0.6 2. w7dt w7dt
2.667212144180302 0.1519488504827864 0.010295693218346792 0.0004430126467381768 0.000013771639730090363 2. 0.75 0.75 w7dt hed8
3.4130438904335736 0.21375620977713777 0.011561052640859147 0.0004062968534918721 0.000014227028764717944 2. 0.75 0.75 w7dt mwd
3.1059515102306183 0.19202428122067533 0.011221940007462494 0.0004415936892781436 0.000014425402980813954 2. 0.75 0.75 w7dt N100
2.6513334234392683 0.17735465123544414 0.011913671667942357 0.0005356698352364872 0.000014128056365309119 2. 0.75 0.75 w7dt w7dt
2.664972720892689 0.14923891868896227 0.010600025564704942 0.00043176034414436985 0.000013715043913269476 2. 0.75 2. w7dt hed8
3.4015878064516984 0.21320872832700333 0.011659775739160624 0.0004098619552059224 0.000014233957371318179 2. 0.75 2. w7dt mwd
3.0912251455664173 0.1911391653369886 0.011329394134300938 0.000493807238882272 0.000014420339398965955 2. 0.75 2. w7dt N100
2.6206917187732928 0.1772492519190087 0.011843257066821208 0.0005011257869510891 0.000014169551084092921 2. 0.75 2. w7dt w7dt